 mat=zeros(          48 ,          48 );
mat(   2,   2)=         1.000000000000000E+00;
mat(   4,   2)=        -1.000000000000000E+00;
mat(   8,   2)=        -1.907698385005799E-01;
mat(   1,   3)=        -1.907698385005800E-01;
mat(   2,   3)=        -4.574731699903427E-01;
mat(   3,   3)=         1.000000000000000E+00;
mat(   6,   3)=        -3.285517345589870E-02;
mat(   3,   4)=         1.000000000000000E+00;
mat(   4,   4)=         1.000000000000000E+00;
mat(   9,   4)=        -3.037990704392634E-01;
mat(   5,   5)=        -4.991056147977554E-01;
mat(   8,   5)=        -1.700343445671945E-01;
mat(  11,   5)=        -2.938897313419353E-02;
mat(   6,   6)=        -9.671448265441012E-01;
mat(   7,   7)=        -6.950393181317999E-01;
mat(   8,   7)=        -6.499656554328055E-01;
mat(  10,   7)=        -1.781792832310149E+00;
mat(   8,   8)=         1.000000000000000E+00;
mat(   9,   8)=         1.000000000000000E+00;
mat(  23,   8)=         2.777205801965201E-01;
mat(   3,   9)=        -1.000000000000000E+00;
mat(   7,   9)=         2.547018826860000E-01;
mat(   9,   9)=        -1.288690983686037E+00;
mat(  10,   9)=        -1.868683475830600E+00;
mat(   1,  10)=        -8.092301614994200E-01;
mat(   3,  10)=        -1.000000000000000E+00;
mat(  10,  10)=         1.000000000000000E+00;
mat(  11,  11)=         1.000000000000000E+00;
mat(  12,  12)=         1.000000000000000E+00;
mat(  13,  13)=         1.000000000000000E+00;
mat(  15,  13)=        -1.000000000000000E+00;
mat(  19,  13)=        -1.907698385005799E-01;
mat(  12,  14)=        -1.907698385005800E-01;
mat(  13,  14)=        -4.574731699903427E-01;
mat(  14,  14)=         1.000000000000000E+00;
mat(  17,  14)=        -3.285517345589870E-02;
mat(  14,  15)=         1.000000000000000E+00;
mat(  15,  15)=         1.000000000000000E+00;
mat(  20,  15)=        -3.037990704392634E-01;
mat(  16,  16)=        -4.991056147977554E-01;
mat(  19,  16)=        -1.700343445671945E-01;
mat(  40,  16)=        -2.938897313419353E-02;
mat(  44,  16)=        -1.000000000000000E+00;
mat(  17,  17)=        -9.671448265441012E-01;
mat(  18,  18)=        -6.950393181317999E-01;
mat(  19,  18)=        -6.499656554328055E-01;
mat(  43,  18)=        -1.000000000000000E+00;
mat(  19,  19)=         1.000000000000000E+00;
mat(  20,  19)=         1.000000000000000E+00;
mat(  23,  19)=        -2.777205801965201E-01;
mat(  42,  19)=        -1.000000000000000E+00;
mat(  14,  20)=        -1.000000000000000E+00;
mat(  18,  20)=         2.547018826860000E-01;
mat(  20,  20)=        -1.288690983686037E+00;
mat(  48,  20)=        -1.000000000000000E+00;
mat(  17,  21)=        -1.000000000000000E+00;
mat(  18,  21)=        -2.178582518902473E-01;
mat(  21,  21)=        -9.817969919199752E-01;
mat(  22,  21)=        -4.991056147977554E-01;
mat(  23,  21)=        -2.964737313789931E-01;
mat(  46,  21)=        -1.000000000000000E+00;
mat(  12,  22)=        -8.092301614994200E-01;
mat(  14,  22)=        -1.000000000000000E+00;
mat(  22,  22)=        -4.991056147977554E-01;
mat(  45,  22)=        -1.000000000000000E+00;
mat(  23,  23)=         1.000000000000000E+00;
mat(  47,  23)=        -1.000000000000000E+00;
mat(   1,  24)=         1.000000000000000E+00;
mat(   9,  24)=        -1.592490054125300E+00;
mat(  12,  24)=         1.000000000000000E+00;
mat(  20,  24)=        -1.592490054125300E+00;
mat(  24,  24)=         1.000000000000000E+00;
mat(  25,  25)=         1.000000000000000E+00;
mat(   8,  26)=        -1.000000000000000E+00;
mat(  19,  26)=        -1.000000000000000E+00;
mat(  26,  26)=         1.000000000000000E+00;
mat(  11,  27)=        -5.931478777802478E-02;
mat(  27,  27)=         1.000000000000000E+00;
mat(  40,  27)=        -5.931478777802478E-02;
mat(  23,  28)=        -1.000000000000000E+00;
mat(  28,  28)=         1.000000000000000E+00;
mat(  29,  29)=         1.000000000000000E+00;
mat(  29,  30)=        -1.000000000000000E+00;
mat(  30,  30)=         1.000000000000000E+00;
mat(  31,  31)=         1.000000000000000E+00;
mat(  31,  32)=        -1.000000000000000E+00;
mat(  32,  32)=         1.000000000000000E+00;
mat(  33,  33)=         1.000000000000000E+00;
mat(  34,  34)=         1.000000000000000E+00;
mat(  35,  35)=         1.000000000000000E+00;
mat(  36,  36)=         1.000000000000000E+00;
mat(  37,  37)=         1.000000000000000E+00;
mat(  38,  38)=         1.000000000000000E+00;
mat(  39,  39)=         1.000000000000000E+00;
mat(  40,  40)=         1.000000000000000E+00;
mat(  41,  41)=         1.000000000000000E+00;
mat(  42,  41)=        -4.521866136598500E-01;
mat(  43,  41)=        -4.521866136598500E-01;
mat(  44,  41)=        -4.521866136598500E-01;
mat(  45,  41)=        -4.521866136598500E-01;
mat(  46,  41)=        -1.496470115650900E+00;
mat(  47,  41)=        -2.320826877986860E+00;
mat(  48,  41)=         3.372042064854000E+00;
mat(  42,  42)=         1.000000000000000E+00;
mat(  43,  43)=         1.000000000000000E+00;
mat(  44,  44)=         1.000000000000000E+00;
mat(  45,  45)=         1.000000000000000E+00;
mat(  46,  46)=         1.000000000000000E+00;
mat(  47,  47)=         1.000000000000000E+00;
mat(  48,  48)=         1.000000000000000E+00;
