 mat=zeros(          48 ,          48 );
mat(   1,   5)=         1.381688844461108E-01;
mat(   2,   5)=         1.457637897605913E-02;
mat(   3,   5)=         3.186280624143889E-02;
mat(   4,   5)=         1.457637897605913E-02;
mat(   5,   5)=         6.509819883042867E-01;
mat(   6,   5)=        -2.803787981064373E-01;
mat(   7,   5)=        -6.079719483438379E-02;
mat(   8,   5)=         7.395394058054823E-02;
mat(   9,   5)=         5.395059876836197E-02;
mat(  10,   5)=        -7.511413550863951E-03;
mat(  11,   5)=         1.913169216511856E-02;
mat(  12,   5)=         1.205259122921523E-03;
mat(  13,   5)=         2.933886315820890E-03;
mat(  14,   5)=         6.413242367596826E-03;
mat(  15,   5)=         2.933886315820890E-03;
mat(  16,   5)=         2.072792225485339E-02;
mat(  17,   5)=         2.849130169981596E-02;
mat(  18,   5)=         1.366486141128413E-02;
mat(  19,   5)=         1.296584629707572E-02;
mat(  20,   5)=         9.369611888660942E-03;
mat(  21,   5)=         3.043756225330313E-04;
mat(  22,   5)=        -2.248320524322480E-05;
mat(  23,   5)=        -1.684740955293289E-02;
mat(  40,   5)=         6.091723502755384E-04;
mat(  42,   5)=         1.296584629707572E-02;
mat(  43,   5)=         1.366486141128413E-02;
mat(  44,   5)=         2.072792225485339E-02;
mat(  45,   5)=        -2.248320524322529E-05;
mat(  46,   5)=         3.043756225330297E-04;
mat(  47,   5)=        -1.684740955293289E-02;
mat(  48,   5)=         9.369611888660947E-03;
mat(   1,   7)=         4.494948905815017E-01;
mat(   2,   7)=         3.180249228471987E-02;
mat(   3,   7)=         6.951772119311658E-02;
mat(   4,   7)=         3.180249228471987E-02;
mat(   5,   7)=        -2.569117783516491E-01;
mat(   6,   7)=        -5.400967846397025E-01;
mat(   7,   7)=         3.061212544212952E-01;
mat(   8,   7)=         1.613514322453067E-01;
mat(   9,   7)=         1.177084860310570E-01;
mat(  10,   7)=        -1.638827255322058E-02;
mat(  11,   7)=        -7.550373351834496E-03;
mat(  12,   7)=         1.253472079707898E-03;
mat(  13,   7)=         2.746477121823317E-03;
mat(  14,   7)=         6.003580760553228E-03;
mat(  15,   7)=         2.746477121823317E-03;
mat(  16,   7)=         1.057095190886103E-02;
mat(  17,   7)=         4.031540430450455E-02;
mat(  18,   7)=         1.479596402365704E-02;
mat(  19,   7)=         1.193823833064675E-02;
mat(  20,   7)=         8.616387694661913E-03;
mat(  21,   7)=        -2.436167135527205E-04;
mat(  22,   7)=         1.336701877146327E-04;
mat(  23,   7)=        -4.156734485908781E-02;
mat(  40,   7)=         3.106694216523687E-04;
mat(  42,   7)=         1.193823833064675E-02;
mat(  43,   7)=         1.479596402365704E-02;
mat(  44,   7)=         1.057095190886103E-02;
mat(  45,   7)=         1.336701877146333E-04;
mat(  46,   7)=        -2.436167135527185E-04;
mat(  47,   7)=        -4.156734485908781E-02;
mat(  48,   7)=         8.616387694661908E-03;
mat(   1,   8)=        -1.089358382134360E-15;
mat(   5,   8)=         9.108659341416772E-15;
mat(   6,   8)=         6.814697421892818E-15;
mat(  12,   8)=        -3.010510100435387E-02;
mat(  13,   8)=        -7.419972804217079E-02;
mat(  14,   8)=        -1.621947097875426E-01;
mat(  15,   8)=        -7.419972804217079E-02;
mat(  16,   8)=        -6.163074080917935E-01;
mat(  17,   8)=        -5.021429015604483E-01;
mat(  18,   8)=        -3.224250682980398E-01;
mat(  19,   8)=        -3.285137171664890E-01;
mat(  20,   8)=        -2.374284546363950E-01;
mat(  21,   8)=        -1.530867323164000E-02;
mat(  22,   8)=         1.034016806681547E-03;
mat(  23,   8)=         1.629168057244708E-01;
mat(  40,   8)=        -1.811264185881417E-02;
mat(  42,   8)=        -3.285137171664890E-01;
mat(  43,   8)=        -3.224250682980398E-01;
mat(  44,   8)=        -6.163074080917935E-01;
mat(  45,   8)=         1.034016806681551E-03;
mat(  46,   8)=        -1.530867323163999E-02;
mat(  47,   8)=         1.629168057244709E-01;
mat(  48,   8)=        -2.374284546363950E-01;
mat(   1,  11)=        -1.414218456112906E-01;
mat(   2,  11)=        -2.986173424755879E-01;
mat(   3,  11)=        -6.527537833134384E-01;
mat(   4,  11)=         7.013826575244121E-01;
mat(   5,  11)=         3.839269167291039E-02;
mat(   6,  11)=         1.310596862835904E-01;
mat(   7,  11)=         1.967490181798888E-01;
mat(   8,  11)=         7.744099852428590E-02;
mat(   9,  11)=        -1.052528515919967E-01;
mat(  10,  11)=         1.538817258029704E-01;
mat(  11,  11)=         9.717393486499312E-01;
mat(  12,  11)=         2.487569007399907E-03;
mat(  13,  11)=         9.539926982303016E-03;
mat(  14,  11)=         2.085352236614096E-02;
mat(  15,  11)=         9.539926982303016E-03;
mat(  16,  11)=         8.384971769168835E-02;
mat(  17,  11)=         5.681818830259262E-02;
mat(  18,  11)=         4.363703610810831E-02;
mat(  19,  11)=         4.443983689472341E-02;
mat(  20,  11)=         3.223551376655093E-02;
mat(  21,  11)=         4.591958446735090E-03;
mat(  22,  11)=        -1.842064418106962E-03;
mat(  23,  11)=        -7.803706699880388E-03;
mat(  40,  11)=         2.464257100550741E-03;
mat(  42,  11)=         4.443983689472341E-02;
mat(  43,  11)=         4.363703610810831E-02;
mat(  44,  11)=         8.384971769168835E-02;
mat(  45,  11)=        -1.842064418106963E-03;
mat(  46,  11)=         4.591958446735088E-03;
mat(  47,  11)=        -7.803706699880388E-03;
mat(  48,  11)=         3.223551376655094E-02;
mat(  12,  16)=         1.427463510133720E-02;
mat(  13,  16)=         3.125736472973365E-02;
mat(  14,  16)=         6.832611567229943E-02;
mat(  15,  16)=         3.125736472973365E-02;
mat(  16,  16)=         7.428199736420172E-01;
mat(  17,  16)=        -1.335411372828855E-01;
mat(  18,  16)=         5.516626715912022E-03;
mat(  19,  16)=         1.358534876702720E-01;
mat(  20,  16)=         9.805106958968399E-02;
mat(  21,  16)=        -5.909260976307125E-04;
mat(  22,  16)=         1.532410812349096E-03;
mat(  23,  16)=         3.755411535237497E-02;
mat(  40,  16)=         2.183071624890759E-02;
mat(  42,  16)=         1.358534876702720E-01;
mat(  43,  16)=         5.516626715912022E-03;
mat(  44,  16)=        -2.571800263579828E-01;
mat(  45,  16)=         1.532410812349096E-03;
mat(  46,  16)=        -5.909260976307125E-04;
mat(  47,  16)=         3.755411535237498E-02;
mat(  48,  16)=         9.805106958968399E-02;
mat(   6,  18)=        -1.064741801610537E-15;
mat(  12,  18)=         2.912723855443159E-02;
mat(  13,  18)=         7.043016082073578E-02;
mat(  14,  18)=         1.539547353612510E-01;
mat(  15,  18)=         7.043016082073578E-02;
mat(  16,  18)=        -7.402277851424814E-02;
mat(  17,  18)=        -1.283508402935166E-01;
mat(  18,  18)=         4.770965040907673E-01;
mat(  19,  18)=         3.109458777636845E-01;
mat(  20,  18)=         2.246847879289579E-01;
mat(  21,  18)=         1.436918058591827E-03;
mat(  22,  18)=        -2.998917469711100E-04;
mat(  23,  18)=         8.678207804076332E-02;
mat(  40,  18)=        -2.175453449073597E-03;
mat(  42,  18)=         3.109458777636845E-01;
mat(  43,  18)=        -5.229034959092327E-01;
mat(  44,  18)=        -7.402277851424816E-02;
mat(  45,  18)=        -2.998917469711179E-04;
mat(  46,  18)=         1.436918058591801E-03;
mat(  47,  18)=         8.678207804076328E-02;
mat(  48,  18)=         2.246847879289579E-01;
mat(   1,  19)=         1.141356703146227E-15;
mat(   5,  19)=        -9.150402195009992E-15;
mat(   6,  19)=        -6.993441493478742E-15;
mat(   8,  19)=        -1.045781445235891E-15;
mat(  12,  19)=         3.010510100435406E-02;
mat(  13,  19)=         7.419972804217081E-02;
mat(  14,  19)=         1.621947097875427E-01;
mat(  15,  19)=         7.419972804217081E-02;
mat(  16,  19)=         6.163074080917935E-01;
mat(  17,  19)=         5.021429015604479E-01;
mat(  18,  19)=         3.224250682980398E-01;
mat(  19,  19)=         3.285137171664889E-01;
