 mat=zeros(          48 ,           1 );
mat(   1,   1)=         4.779789423097765E+00;
mat(   2,   1)=         3.388844260145838E+00;
mat(   3,   1)=         2.805203927783881E+00;
mat(   4,   1)=         2.355888805281033E+00;
mat(   5,   1)=         2.151774473790338E+00;
mat(   6,   1)=         2.118677293442089E+00;
mat(   7,   1)=         2.043133864756783E+00;
mat(   8,   1)=         1.836868277351452E+00;
mat(   9,   1)=         1.672520802501792E+00;
mat(  10,   1)=         1.618033988749895E+00;
mat(  11,   1)=         1.618033988749894E+00;
mat(  12,   1)=         1.593755741826941E+00;
mat(  13,   1)=         1.566386876982399E+00;
mat(  14,   1)=         1.485631635505618E+00;
mat(  15,   1)=         1.457279026507043E+00;
mat(  16,   1)=         1.388691553811497E+00;
mat(  17,   1)=         1.189328118456899E+00;
mat(  18,   1)=         1.094797424836593E+00;
mat(  19,   1)=         1.042963933532122E+00;
mat(  20,   1)=         1.037546140573021E+00;
mat(  21,   1)=         1.000300108611243E+00;
mat(  22,   1)=         1.000000000000000E+00;
mat(  23,   1)=         1.000000000000000E+00;
mat(  24,   1)=         1.000000000000000E+00;
mat(  25,   1)=         1.000000000000000E+00;
mat(  26,   1)=         1.000000000000000E+00;
mat(  27,   1)=         1.000000000000000E+00;
mat(  28,   1)=         1.000000000000000E+00;
mat(  29,   1)=         1.000000000000000E+00;
mat(  30,   1)=         9.727424754070980E-01;
mat(  31,   1)=         9.678216790074187E-01;
mat(  32,   1)=         9.590918365016031E-01;
mat(  33,   1)=         9.290484699321787E-01;
mat(  34,   1)=         7.675157834426912E-01;
mat(  35,   1)=         6.996481039632634E-01;
mat(  36,   1)=         6.815729986892137E-01;
mat(  37,   1)=         6.383578368373450E-01;
mat(  38,   1)=         6.180339887498949E-01;
mat(  39,   1)=         6.180339887498947E-01;
mat(  40,   1)=         5.376591760916734E-01;
mat(  41,   1)=         5.063597515007126E-01;
mat(  42,   1)=         4.914140079444729E-01;
mat(  43,   1)=         3.942512028134718E-01;
mat(  44,   1)=         3.473875489574197E-01;
mat(  45,   1)=         2.465490061377913E-01;
mat(  46,   1)=         2.118117323120933E-01;
mat(  47,   1)=         1.798512879742028E-01;
