 mat=zeros(          48 ,         144 ,           4 );
mat(   7,   7,   1)=        -4.809050654188808E-01;
mat(  10,   7,   1)=         3.160494364828595E+00;
mat(  18,  18,   1)=        -4.809050654188808E-01;
mat(  22,  18,   1)=         1.915765074939041E-03;
mat(   7,  49,   1)=        -5.371693147866913E-01;
mat(  10,  55,   1)=        -3.160494364828595E+00;
mat(   7,  57,   1)=         1.762309301934998E-01;
mat(  22,  66,   1)=        -1.915765074939041E-03;
mat(  18,  68,   1)=         1.762309301934998E-01;
mat(  18,  71,   1)=        -5.371693147866913E-01;
mat(   6,  73,   1)=        -1.131783002070733E+01;
mat(  17,  73,   1)=        -1.131783002070733E+01;
mat(   7, 103,   1)=         4.809050654188809E-01;
mat(   7, 105,   1)=        -1.762309301934998E-01;
mat(  18, 114,   1)=         4.809050654188809E-01;
mat(  18, 116,   1)=        -1.762309301934998E-01;
mat(  18, 117,   1)=         5.371693147866913E-01;
mat(  22,  18,   2)=        -1.209412374507159E-02;
mat(  22,  66,   2)=         2.756385337834819E-02;
mat(  22,  68,   2)=         2.890802814127100E-02;
mat(  22,  70,   2)=        -1.546972963327663E-02;
mat(   9,  52,   3)=        -1.907698385005800E-01;
mat(   9,  57,   3)=        -8.092301614994200E-01;
mat(  21,  60,   3)=         1.947824423011868E-02;
mat(  20,  63,   3)=        -1.907698385005800E-01;
mat(  20,  68,   3)=        -8.092301614994200E-01;
mat(   9,  72,   3)=        -1.000000000000000E+00;
mat(  20,  72,   3)=        -1.000000000000000E+00;
mat(   8,  50,   4)=        -9.999999999999993E-01;
mat(   1,  51,   4)=        -1.000000000000000E+00;
mat(   9,  52,   4)=        -1.592490054125300E+00;
mat(   8,  53,   4)=        -8.913062248395075E-01;
mat(   8,  55,   4)=         8.913062248395075E-01;
mat(   7,  57,   4)=        -3.453004379439582E-02;
mat(   9,  57,   4)=         1.592490054125300E+00;
mat(   1,  58,   4)=         1.000000000000000E+00;
mat(  19,  61,   4)=        -9.999999999999993E-01;
mat(  12,  62,   4)=        -1.000000000000000E+00;
mat(  20,  63,   4)=        -1.592490054125300E+00;
mat(  19,  64,   4)=        -8.913062248395075E-01;
mat(  19,  66,   4)=         8.913062248395075E-01;
mat(  18,  68,   4)=        -3.453004379439582E-02;
mat(  20,  68,   4)=         1.592490054125300E+00;
mat(  12,  70,   4)=         1.000000000000000E+00;
mat(   7, 105,   4)=         3.453004379439582E-02;
mat(  18, 116,   4)=         3.453004379439582E-02;
