 mat=zeros(          48 ,          48 );
mat(   1,   1)=         6.784456022302428E-03;
mat(   2,   1)=         4.241322195464946E-05;
mat(   3,   1)=        -5.326851017103097E-04;
mat(   4,   1)=         1.423731455687441E-04;
mat(   5,   1)=        -4.414768889084081E-06;
mat(   6,   1)=         2.768716095444979E-06;
mat(   7,   1)=         8.120235638436223E-05;
mat(   8,   1)=        -1.175490473175231E-03;
mat(   9,   1)=        -1.240067037332997E-02;
mat(  10,   1)=        -2.445060100132383E-03;
mat(  11,   1)=        -2.494538673283525E-07;
mat(  12,   1)=         9.850328762794907E-03;
mat(  13,   1)=         9.163879797185072E-04;
mat(  14,   1)=        -3.737760038412335E-02;
mat(  15,   1)=        -9.033856409247707E-04;
mat(  16,   1)=         2.163728577234142E-03;
mat(  17,   1)=         1.663193866803547E-02;
mat(  18,   1)=         1.642851378312681E-02;
mat(  19,   1)=        -3.751669753427177E-03;
mat(  20,   1)=        -6.641681671597703E-02;
mat(  21,   1)=         1.560385268997773E-02;
mat(  22,   1)=         9.521446529229125E-03;
mat(  23,   1)=        -1.720159721890530E-02;
mat(  24,   1)=         6.506835639546927E-03;
mat(  26,   1)=         2.255366181411041E-04;
mat(  27,   1)=        -3.611397503575309E-07;
mat(  28,   1)=         7.873886549151717E-04;
mat(  40,   1)=         1.332617939153451E-04;
mat(  41,   1)=        -1.989158611434742E-01;
mat(  42,   1)=         1.017134177493280E-01;
mat(  43,   1)=         9.900737364808029E-02;
mat(  44,   1)=         9.859799461491886E-02;
mat(  45,   1)=         9.739394219510769E-02;
mat(  46,   1)=         3.279179627309788E-01;
mat(  47,   1)=         5.067650159723052E-01;
mat(  48,   1)=        -7.412040935874823E-01;
mat(   1,   2)=         2.470798665587690E-01;
mat(   2,   2)=         9.547616912676556E-03;
mat(   3,   2)=        -1.148224236240500E-01;
mat(   4,   2)=         2.992234996978889E-03;
mat(   5,   2)=        -1.068944939484752E-03;
mat(   6,   2)=         5.180840870097737E-04;
mat(   7,   2)=        -2.018134773073222E-02;
mat(   8,   2)=        -1.415040441472186E-01;
mat(   9,   2)=        -5.916538679164265E-01;
mat(  10,   2)=        -4.986892839986499E-01;
mat(  11,   2)=        -6.899686724703799E-05;
mat(  12,   2)=         2.368695637807283E-01;
mat(  13,   2)=         4.101516589607632E-03;
mat(  14,   2)=        -3.536238965774965E-02;
mat(  15,   2)=         8.537071960577168E-03;
mat(  16,   2)=        -1.052017357358843E-03;
mat(  17,   2)=        -2.996112051344793E-03;
mat(  18,   2)=         9.261106155343250E-03;
mat(  19,   2)=        -7.273516727632923E-02;
mat(  20,   2)=        -4.420929878009917E-01;
mat(  21,   2)=        -2.933232073182300E-03;
mat(  22,   2)=         5.723518468176606E-03;
mat(  23,   2)=        -8.129413513217085E-04;
mat(  24,   2)=         2.031788524340535E-01;
mat(  26,   2)=         2.043435594682678E-02;
mat(  27,   2)=         7.745232996729446E-07;
mat(  28,   2)=         7.753918074298401E-05;
mat(  40,   2)=        -6.790504459605755E-05;
mat(  41,   2)=         1.817666285728626E-02;
mat(  42,   2)=         4.430605751822368E-02;
mat(  43,   2)=        -1.425840559292134E-02;
mat(  44,   2)=        -1.131205322886522E-02;
mat(  45,   2)=         6.830710412982744E-03;
mat(  46,   2)=        -3.306785363979290E-02;
mat(  47,   2)=        -5.099493576196135E-02;
mat(  48,   2)=         1.017016620763748E-02;
mat(   1,   3)=        -1.353571299919980E-01;
mat(   2,   3)=         2.082804921295039E-02;
mat(   3,   3)=        -1.789781929786085E-01;
mat(   4,   3)=        -4.139170851892209E-02;
mat(   5,   3)=        -1.590719374705762E-03;
mat(   6,   3)=         7.709851381462370E-04;
mat(   7,   3)=        -8.043709482171735E-02;
mat(   8,   3)=        -1.428126315112899E-01;
mat(   9,   3)=         5.228571238574576E-02;
mat(  10,   3)=        -7.250302723021463E-01;
mat(  11,   3)=        -1.072808802619561E-04;
mat(  12,   3)=        -2.245718121546577E-01;
mat(  13,   3)=        -1.190764668176208E-02;
mat(  14,   3)=         1.026724980025897E-01;
mat(  15,   3)=        -4.286609853851113E-03;
mat(  16,   3)=         2.138548969152011E-03;
mat(  17,   3)=         4.075318951990866E-03;
mat(  18,   3)=        -1.886285368101957E-02;
mat(  19,   3)=         8.954605401580812E-02;
mat(  20,   3)=         5.162019380691628E-01;
mat(  21,   3)=         4.143809442874417E-03;
mat(  22,   3)=        -2.942333445924848E-03;
mat(  23,   3)=        -5.259656511984154E-02;
mat(  24,   3)=        -1.841911091875881E-01;
mat(  26,   3)=         7.754442626556793E-03;
mat(  27,   3)=        -3.194705483443373E-07;
mat(  28,   3)=         7.656903554773533E-03;
mat(  40,   3)=         1.442783524559940E-04;
mat(  41,   3)=        -2.415274170449822E-02;
mat(  42,   3)=        -9.105405515875649E-02;
mat(  43,   3)=         2.232597644833514E-02;
mat(  44,   3)=         1.742001314067691E-02;
mat(  45,   3)=         9.229883844381470E-04;
mat(  46,   3)=         4.624067682545789E-02;
mat(  47,   3)=         8.411711703089263E-02;
mat(  48,   3)=         2.245711405280846E-02;
mat(   1,   4)=        -6.905025440900697E-02;
mat(   2,   4)=         9.344715398197700E-03;
mat(   3,   4)=        -2.492328108552912E-02;
mat(   4,   4)=        -2.321537740437980E-02;
mat(   5,   4)=        -1.004869818595450E-03;
mat(   6,   4)=         1.141197696967967E-04;
mat(   7,   4)=        -2.853007517425646E-02;
mat(   8,   4)=        -6.275674044351744E-02;
mat(   9,   4)=         1.190899732818045E-01;
mat(  10,   4)=        -1.070526411702351E-01;
mat(  11,   4)=        -7.255582487269283E-05;
mat(  12,   4)=        -3.060774800789952E-01;
mat(  13,   4)=         1.354913593233847E-01;
mat(  14,   4)=        -7.526699922509112E-01;
mat(  15,   4)=        -2.451388060857408E-01;
mat(  16,   4)=        -4.623798284723290E-03;
mat(  17,   4)=        -4.864106446233045E-02;
mat(  18,   4)=         2.573830477100245E-02;
mat(  19,   4)=        -1.370055881268972E-01;
mat(  20,   4)=        -1.448429022295713E-01;
mat(  21,   4)=        -4.409347676333991E-02;
mat(  22,   4)=        -1.478906879415256E-01;
mat(  23,   4)=         4.605931582892460E-02;
mat(  24,   4)=        -7.342876478265281E-02;
mat(  26,   4)=         4.390176233794296E-02;
mat(  27,   4)=         5.279913985536905E-06;
mat(  28,   4)=        -1.012245477633656E-02;
mat(  40,   4)=        -3.324819272249242E-04;
mat(  41,   4)=         2.629751373355575E-02;
mat(  42,   4)=         6.440190193257671E-02;
mat(  43,   4)=        -3.863416940153568E-02;
mat(  44,   4)=        -2.580490683540550E-02;
mat(  45,   4)=        -3.211554337011064E-01;
mat(  46,   4)=        -1.027832283372550E-01;
mat(  47,   4)=        -1.083878152348227E-01;
mat(  48,   4)=        -1.277982627989415E-01;
mat(   1,   5)=         1.407863321667115E-01;
mat(   2,   5)=        -2.030879279459762E-01;
mat(   3,   5)=         8.138204162620396E-01;
mat(   4,   5)=         3.612099540840402E-01;
mat(   5,   5)=        -2.702517253297601E-03;
mat(   6,   5)=        -7.826406411823254E-03;
mat(   7,   5)=        -1.175329654910853E-01;
mat(   8,   5)=        -1.394780051429769E-01;
mat(   9,   5)=         1.325540200706109E-01;
mat(  10,   5)=        -2.177052648284598E-01;
mat(  11,   5)=        -2.036152429998581E-04;
mat(  12,   5)=        -1.884440544688204E-02;
mat(  13,   5)=        -5.599965977736090E-04;
mat(  14,   5)=         5.089291932093890E-02;
mat(  15,   5)=         8.181736362702493E-03;
mat(  16,   5)=        -4.232836208939612E-03;
mat(  17,   5)=         1.875832588016111E-02;
mat(  18,   5)=        -2.519414488010761E-02;
mat(  19,   5)=        -1.620322297623233E-01;
mat(  20,   5)=        -3.215955687326759E-03;
mat(  21,   5)=         1.507342968523249E-02;
mat(  22,   5)=         1.420226715138147E-02;
mat(  23,   5)=         4.148889945939198E-02;
mat(  24,   5)=        -2.314726361106772E-02;
mat(  26,   5)=         8.305761878158052E-02;
