 mat=zeros(          48 ,          48 );
mat(   1,   1)=        -6.784456022302808E-03;
mat(   2,   1)=        -4.241322195463345E-05;
mat(   3,   1)=         5.326851017103780E-04;
mat(   4,   1)=        -1.423731455687619E-04;
mat(   5,   1)=         4.414768888935846E-06;
mat(   6,   1)=        -2.768716095375133E-06;
mat(   7,   1)=        -8.120235638435726E-05;
mat(   8,   1)=         1.175490473175363E-03;
mat(   9,   1)=         1.240067037332998E-02;
mat(  10,   1)=         2.445060100131790E-03;
mat(  11,   1)=         2.494538672511342E-07;
mat(  12,   1)=        -9.850328762794817E-03;
mat(  13,   1)=        -9.163879797184590E-04;
mat(  14,   1)=         3.737760038412364E-02;
mat(  15,   1)=         9.033856409247442E-04;
mat(  16,   1)=        -2.163728577234180E-03;
mat(  17,   1)=        -1.663193866803550E-02;
mat(  18,   1)=        -1.642851378312688E-02;
mat(  19,   1)=         3.751669753427061E-03;
mat(  20,   1)=         6.641681671597703E-02;
mat(  21,   1)=        -1.560385268997772E-02;
mat(  22,   1)=        -9.521446529229096E-03;
mat(  23,   1)=         1.720159721890550E-02;
mat(  24,   1)=        -6.506835639546842E-03;
mat(  26,   1)=        -2.255366181411329E-04;
mat(  27,   1)=         3.611397503532747E-07;
mat(  28,   1)=        -7.873886549152026E-04;
mat(  40,   1)=        -1.332617939152341E-04;
mat(  41,   1)=         1.989158611434742E-01;
mat(  42,   1)=        -1.017134177493280E-01;
mat(  43,   1)=        -9.900737364808039E-02;
mat(  44,   1)=        -9.859799461491878E-02;
mat(  45,   1)=        -9.739394219510726E-02;
mat(  46,   1)=        -3.279179627309784E-01;
mat(  47,   1)=        -5.067650159723046E-01;
mat(  48,   1)=         7.412040935874817E-01;
mat(   1,   2)=         2.470798665587687E-01;
mat(   2,   2)=         9.547616912676533E-03;
mat(   3,   2)=        -1.148224236240495E-01;
mat(   4,   2)=         2.992234996979116E-03;
mat(   5,   2)=        -1.068944939484799E-03;
mat(   6,   2)=         5.180840870097483E-04;
mat(   7,   2)=        -2.018134773073224E-02;
mat(   8,   2)=        -1.415040441472181E-01;
mat(   9,   2)=        -5.916538679164256E-01;
mat(  10,   2)=        -4.986892839986495E-01;
mat(  11,   2)=        -6.899686724707750E-05;
mat(  12,   2)=         2.368695637807279E-01;
mat(  13,   2)=         4.101516589607801E-03;
mat(  14,   2)=        -3.536238965774986E-02;
mat(  15,   2)=         8.537071960576827E-03;
mat(  16,   2)=        -1.052017357358908E-03;
mat(  17,   2)=        -2.996112051344967E-03;
mat(  18,   2)=         9.261106155343198E-03;
mat(  19,   2)=        -7.273516727632880E-02;
mat(  20,   2)=        -4.420929878009904E-01;
mat(  21,   2)=        -2.933232073182321E-03;
mat(  22,   2)=         5.723518468176635E-03;
mat(  23,   2)=        -8.129413513218654E-04;
mat(  24,   2)=         2.031788524340533E-01;
mat(  26,   2)=         2.043435594682677E-02;
mat(  27,   2)=         7.745232997278503E-07;
mat(  28,   2)=         7.753918074299142E-05;
mat(  40,   2)=        -6.790504459608107E-05;
mat(  41,   2)=         1.817666285728631E-02;
mat(  42,   2)=         4.430605751822329E-02;
mat(  43,   2)=        -1.425840559292138E-02;
mat(  44,   2)=        -1.131205322886522E-02;
mat(  45,   2)=         6.830710412982545E-03;
mat(  46,   2)=        -3.306785363979257E-02;
mat(  47,   2)=        -5.099493576196146E-02;
mat(  48,   2)=         1.017016620763734E-02;
mat(   1,   3)=         1.353571299919974E-01;
mat(   2,   3)=        -2.082804921294961E-02;
mat(   3,   3)=         1.789781929786070E-01;
mat(   4,   3)=         4.139170851892094E-02;
mat(   5,   3)=         1.590719374705665E-03;
mat(   6,   3)=        -7.709851381464448E-04;
mat(   7,   3)=         8.043709482171744E-02;
mat(   8,   3)=         1.428126315112899E-01;
mat(   9,   3)=        -5.228571238574570E-02;
mat(  10,   3)=         7.250302723021456E-01;
mat(  11,   3)=         1.072808802619367E-04;
mat(  12,   3)=         2.245718121546580E-01;
mat(  13,   3)=         1.190764668176235E-02;
mat(  14,   3)=        -1.026724980025905E-01;
mat(  15,   3)=         4.286609853850640E-03;
mat(  16,   3)=        -2.138548969151961E-03;
mat(  17,   3)=        -4.075318951990664E-03;
mat(  18,   3)=         1.886285368101962E-02;
mat(  19,   3)=        -8.954605401580790E-02;
mat(  20,   3)=        -5.162019380691629E-01;
mat(  21,   3)=        -4.143809442874239E-03;
mat(  22,   3)=         2.942333445924938E-03;
mat(  23,   3)=         5.259656511984195E-02;
mat(  24,   3)=         1.841911091875879E-01;
mat(  26,   3)=        -7.754442626556808E-03;
mat(  27,   3)=         3.194705485356587E-07;
mat(  28,   3)=        -7.656903554773682E-03;
mat(  40,   3)=        -1.442783524559353E-04;
mat(  41,   3)=         2.415274170449818E-02;
mat(  42,   3)=         9.105405515875635E-02;
mat(  43,   3)=        -2.232597644833512E-02;
mat(  44,   3)=        -1.742001314067640E-02;
mat(  45,   3)=        -9.229883844384020E-04;
mat(  46,   3)=        -4.624067682545730E-02;
mat(  47,   3)=        -8.411711703089272E-02;
mat(  48,   3)=        -2.245711405280856E-02;
mat(   1,   4)=        -6.905025440900660E-02;
mat(   2,   4)=         9.344715398197796E-03;
mat(   3,   4)=        -2.492328108553354E-02;
mat(   4,   4)=        -2.321537740438051E-02;
mat(   5,   4)=        -1.004869818595396E-03;
mat(   6,   4)=         1.141197696968701E-04;
mat(   7,   4)=        -2.853007517425538E-02;
mat(   8,   4)=        -6.275674044351265E-02;
mat(   9,   4)=         1.190899732818028E-01;
mat(  10,   4)=        -1.070526411702345E-01;
mat(  11,   4)=        -7.255582487244610E-05;
mat(  12,   4)=        -3.060774800789950E-01;
mat(  13,   4)=         1.354913593233846E-01;
mat(  14,   4)=        -7.526699922509122E-01;
mat(  15,   4)=        -2.451388060857411E-01;
mat(  16,   4)=        -4.623798284723003E-03;
mat(  17,   4)=        -4.864106446233125E-02;
mat(  18,   4)=         2.573830477100322E-02;
mat(  19,   4)=        -1.370055881268903E-01;
mat(  20,   4)=        -1.448429022295697E-01;
mat(  21,   4)=        -4.409347676334061E-02;
mat(  22,   4)=        -1.478906879415262E-01;
mat(  23,   4)=         4.605931582892222E-02;
mat(  24,   4)=        -7.342876478265212E-02;
mat(  26,   4)=         4.390176233793949E-02;
mat(  27,   4)=         5.279913985506889E-06;
mat(  28,   4)=        -1.012245477633579E-02;
mat(  40,   4)=        -3.324819272250131E-04;
mat(  41,   4)=         2.629751373355578E-02;
mat(  42,   4)=         6.440190193257375E-02;
mat(  43,   4)=        -3.863416940153381E-02;
mat(  44,   4)=        -2.580490683540450E-02;
mat(  45,   4)=        -3.211554337011073E-01;
mat(  46,   4)=        -1.027832283372559E-01;
mat(  47,   4)=        -1.083878152348218E-01;
mat(  48,   4)=        -1.277982627989411E-01;
mat(   1,   5)=        -1.407863321667128E-01;
mat(   2,   5)=         2.030879279459769E-01;
mat(   3,   5)=        -8.138204162620428E-01;
mat(   4,   5)=        -3.612099540840410E-01;
mat(   5,   5)=         2.702517253297598E-03;
mat(   6,   5)=         7.826406411822875E-03;
mat(   7,   5)=         1.175329654910848E-01;
mat(   8,   5)=         1.394780051429755E-01;
mat(   9,   5)=        -1.325540200706093E-01;
mat(  10,   5)=         2.177052648284582E-01;
mat(  11,   5)=         2.036152429992725E-04;
mat(  12,   5)=         1.884440544688286E-02;
mat(  13,   5)=         5.599965977723377E-04;
mat(  14,   5)=        -5.089291932093169E-02;
mat(  15,   5)=        -8.181736362699765E-03;
mat(  16,   5)=         4.232836208939483E-03;
mat(  17,   5)=        -1.875832588015477E-02;
mat(  18,   5)=         2.519414488010811E-02;
mat(  19,   5)=         1.620322297623188E-01;
mat(  20,   5)=         3.215955687327103E-03;
mat(  21,   5)=        -1.507342968522723E-02;
mat(  22,   5)=        -1.420226715137783E-02;
mat(  23,   5)=        -4.148889945938500E-02;
mat(  24,   5)=         2.314726361106658E-02;
mat(  26,   5)=        -8.305761878157865E-02;
