 mat=zeros(          48 ,          48 );
mat(  48,   1)=         1.000000000000000E+00;
mat(   1,   2)=        -2.600286186512330E-05;
mat(   2,   2)=         9.900155625150226E-03;
mat(   3,   2)=        -3.189219132877766E-02;
mat(   4,   2)=         1.890249910861050E-02;
mat(   5,   2)=         2.498819890577905E-01;
mat(   6,   2)=        -1.517905739553845E-01;
mat(   7,   2)=        -3.022895693411621E-02;
mat(   8,   2)=         8.199657477887553E-03;
mat(   9,   2)=         1.993310412264419E-02;
mat(  12,   2)=         4.803792494464862E-01;
mat(  13,   2)=         4.293822959481199E-01;
mat(  14,   2)=         2.664324309205760E-01;
mat(  15,   2)=         2.166294989868478E-02;
mat(  16,   2)=        -2.986540220326819E-01;
mat(  17,   2)=        -2.328092420989429E-01;
mat(  18,   2)=         2.466887609133817E-01;
mat(  19,   2)=        -5.036178565478993E-03;
mat(  20,   2)=        -6.529535667777085E-02;
mat(  21,   2)=         2.201021155585804E-03;
mat(  30,   2)=        -2.343829999925227E-02;
mat(  31,   2)=         6.829434446486900E-03;
mat(  32,   2)=         2.583268827631775E-03;
mat(  33,   2)=        -3.212314891780168E-02;
mat(  34,   2)=         3.507067212565538E-01;
mat(  35,   2)=         1.764873304188371E-01;
mat(  36,   2)=        -9.458023177092384E-02;
mat(  37,   2)=        -1.008253425473765E-01;
mat(  40,   2)=         1.335317637061363E-02;
mat(  41,   2)=        -6.201862775841434E-02;
mat(  42,   2)=        -9.857119668824330E-02;
mat(  43,   2)=         1.664769199710997E-01;
mat(  44,   2)=         1.174002924039601E-02;
mat(  45,   2)=         5.732698073471617E-03;
mat(  46,   2)=         2.652509005414787E-03;
mat(  47,   2)=        -3.689842205584812E-03;
mat(   1,   3)=         3.863033275525010E-04;
mat(   2,   3)=        -4.908535105549288E-02;
mat(   3,   3)=         5.800282043212503E-02;
mat(   4,   3)=        -6.803920952581226E-03;
mat(   5,   3)=        -4.090238346333692E-01;
mat(   6,   3)=         9.870208937274147E-02;
mat(   7,   3)=        -5.755010771826717E-03;
mat(   8,   3)=         2.175314569360497E-02;
mat(   9,   3)=        -1.392338533266842E-02;
mat(  12,   3)=         3.082427736647153E-02;
mat(  13,   3)=        -6.738619913064558E-03;
mat(  14,   3)=         8.924155849936034E-03;
mat(  15,   3)=        -1.237311465848429E-03;
mat(  16,   3)=        -1.078448659377100E-02;
mat(  17,   3)=        -5.881893271292575E-02;
mat(  18,   3)=         1.098496985021582E-01;
mat(  19,   3)=        -1.611208272797541E-03;
mat(  20,   3)=        -2.521746350553875E-02;
mat(  21,   3)=        -4.377960949214478E-04;
mat(  30,   3)=        -6.325064787911497E-02;
mat(  31,   3)=        -4.039566307751307E-02;
mat(  32,   3)=         8.337583968855554E-04;
mat(  33,   3)=         8.750298938149099E-02;
mat(  34,   3)=         1.367183835578332E-01;
mat(  35,   3)=        -6.698601446380378E-01;
mat(  36,   3)=        -3.655680349213982E-01;
mat(  37,   3)=        -2.059403145634528E-01;
mat(  40,   3)=        -2.747312479145559E-02;
mat(  41,   3)=        -1.235559671001024E-01;
mat(  42,   3)=        -1.895013997237521E-01;
mat(  43,   3)=         2.992478100837189E-01;
mat(  44,   3)=         2.235143168200963E-02;
mat(  45,   3)=         1.183273851997985E-02;
mat(  46,   3)=         3.066393710353532E-03;
mat(  47,   3)=        -1.424736327536338E-02;
mat(   1,   4)=        -7.065165171881074E-04;
mat(   2,   4)=         2.004037401966986E-02;
mat(   3,   4)=         8.421999198618463E-02;
mat(   4,   4)=        -3.579034862874393E-02;
mat(   5,   4)=        -5.273603698192278E-01;
mat(   6,   4)=         1.877266052015957E-01;
mat(   7,   4)=        -9.750048747903849E-03;
mat(   8,   4)=         9.675054582440809E-02;
mat(   9,   4)=        -5.355199776483881E-02;
mat(  12,   4)=        -1.382635235618954E-01;
mat(  13,   4)=        -2.547645306423361E-01;
mat(  14,   4)=        -5.639774781949631E-02;
mat(  15,   4)=        -1.197125640867966E-02;
mat(  16,   4)=         3.313730759364798E-03;
mat(  17,   4)=        -1.038437896713711E-01;
mat(  18,   4)=         1.770527256594451E-01;
mat(  19,   4)=        -3.525535504098280E-03;
mat(  20,   4)=        -4.813617218497631E-02;
mat(  21,   4)=         1.318698507226688E-03;
mat(  30,   4)=        -2.418383159604861E-02;
mat(  31,   4)=         3.045753404599377E-02;
mat(  32,   4)=         2.159160949009000E-03;
mat(  33,   4)=        -1.826805452580507E-02;
mat(  34,   4)=         4.068574820669981E-01;
mat(  35,   4)=         5.739720175609641E-01;
mat(  36,   4)=         3.345699065728080E-02;
mat(  37,   4)=        -5.914078347088186E-02;
mat(  40,   4)=         3.209998339685685E-02;
mat(  41,   4)=        -4.400517183240019E-02;
mat(  42,   4)=        -8.368200753813280E-02;
mat(  43,   4)=         1.488810663371788E-01;
mat(  44,   4)=         8.781942948590395E-03;
mat(  45,   4)=         7.690297058770067E-03;
mat(  46,   4)=         2.241673870827753E-03;
mat(  47,   4)=         3.117838159805560E-03;
mat(   1,   5)=        -4.227895863128383E-05;
mat(   2,   5)=         7.257958666830397E-03;
mat(   3,   5)=        -8.940577115597658E-03;
mat(   4,   5)=         4.743207622204666E-03;
mat(   5,   5)=        -1.165125670441589E-02;
mat(   6,   5)=        -3.046923691808037E-02;
mat(   7,   5)=        -1.774197519848365E-02;
mat(   8,   5)=         3.366039084599607E-02;
mat(   9,   5)=        -1.540824853802816E-02;
mat(  12,   5)=         5.266024944694143E-02;
mat(  13,   5)=        -2.552646575050351E-02;
mat(  14,   5)=         1.303244163858789E-03;
mat(  15,   5)=        -4.694912068776501E-03;
mat(  16,   5)=         1.048889620470345E-02;
mat(  17,   5)=         4.258396861820028E-03;
mat(  18,   5)=         2.796477160409164E-02;
mat(  19,   5)=         1.913901489283474E-02;
mat(  20,   5)=        -2.573307866242710E-04;
mat(  21,   5)=        -2.892655523422469E-02;
mat(  30,   5)=        -3.632746150995512E-02;
mat(  31,   5)=         6.180937584195088E-03;
mat(  32,   5)=        -2.070073884082845E-02;
mat(  33,   5)=         8.373102071427681E-02;
mat(  34,   5)=        -6.638916260206675E-02;
mat(  35,   5)=         3.495971911691066E-03;
mat(  36,   5)=         4.717881931318844E-02;
mat(  37,   5)=         4.042775568072885E-02;
mat(  40,   5)=        -7.326336306825201E-02;
mat(  41,   5)=         8.930511400124763E-01;
mat(  42,   5)=        -3.598624998851152E-01;
mat(  43,   5)=         2.030053447649432E-01;
mat(  44,   5)=         2.123008439924246E-02;
mat(  45,   5)=        -9.404908722539521E-03;
mat(  46,   5)=         6.728602224760809E-03;
mat(  47,   5)=        -1.587581881457479E-02;
mat(   1,   6)=         5.602233091842373E-07;
mat(   2,   6)=        -1.478564094429009E-04;
mat(   3,   6)=         2.658110807259655E-04;
mat(   4,   6)=        -4.684870721455667E-05;
mat(   5,   6)=        -3.517686711048507E-03;
mat(   6,   6)=         8.826215937309707E-04;
mat(   7,   6)=        -5.645817907760089E-05;
mat(   8,   6)=         2.834367285865107E-04;
mat(   9,   6)=        -2.376131863591141E-04;
mat(  12,   6)=         6.103760845470607E-04;
mat(  13,   6)=        -1.410384783522953E-04;
mat(  14,   6)=         2.229804265248892E-04;
mat(  15,   6)=        -3.308649473630188E-05;
mat(  16,   6)=        -3.450673798334167E-04;
mat(  17,   6)=        -3.900829840974259E-03;
mat(  18,   6)=         1.326135770792049E-02;
mat(  19,   6)=        -3.359299608509367E-04;
mat(  20,   6)=        -5.677648206080984E-03;
mat(  21,   6)=        -2.132611995214422E-04;
mat(  25,   6)=        -1.185509445071723E-14;
mat(  28,   6)=         1.492965049988349E-15;
mat(  29,   6)=         1.051446226828111E-15;
mat(  30,   6)=        -1.850879322017945E-01;
mat(  31,   6)=        -9.800823159643300E-01;
mat(  32,   6)=        -1.707924589870477E-03;
mat(  33,   6)=        -3.849037277596325E-02;
mat(  34,   6)=        -1.254538375264575E-02;
mat(  35,   6)=         4.773965774645861E-02;
